2311277793227147939 3330577398491160521 2839882032350376427 1848277959463106363
2148285786576892814 528187738904618476 1741572521579162431 339447505928150801
709660116118155839 1876770580396604696 1300340128459179989 84861183369723307
3675193797884970725 76877142620810609 1016441163696739531 781093760179356759
3598960777209640110 3154948427390443488 770214441195860723 309094875815999051
3124998523405027061 589953687515259281 3643143839738677837 2062262478436913460
3383345154719547868 759739729975793583 169793403266721173 11705332791492889
1459468083259693662 469660859919462688 2429562015480862937 1359364835442957463
604401472122371564 1351651765486256594 2237488082990495747 1065751258814325839
34634479044275891 3014485973253638705 3513909620535999889 1954359158237540530
1019014079436617933 758651967202891425 539323336098857341 97493656965416034
3851568773933580939 2313482618675759698 3150711299085639533 2770253677019534964
2516081833784244411 647220831201575187 3125361501644400197 1720170219304992735
346636653988805437 1316857975003826781 1537772611183747927 590235965282170998
1243804360118255118 1513212254975449988 2135029363550274277 1030198340485525431
1470802387366137513 1027875121831550751 1692573561358089551 678659619046529980
1238680157050841704 1742364314819722291 3297989970208399337 1717487124051753687
96271692730603180 528001482817946199 868832120170082423 849339915279904603
3283122305610813721 999313633585896563 3231822013375537721 1955030621296432658
145639363350353190 2058782637490290850 1887832567859502983 131688300572019696
1910725220506501672 1323985075945898670 1539249148005148213 1016876054981590247
2548539910722184225 405139691237917256 3583222757973681289 764002336897634532
3526875158013441031 2554203318061203787 1821784478239940009 605606739122999891
3556674594651952236 391061994769213767 3860222407844883779 2206054057089405149
825976536767244625 2645178435847867770 3183157190082171791 1981263601552204916
3222124521748097606 481360054826106263 2463195838746059497 1565561577948670478
1665477364379157977 2491356062210500631 1264579849587480073 730991714502527275
1364984614905467638 2406468548452999118 171672282943207763 135057340428925222
579270545731709531 2371544553196203689 765672188939626721 227679733459952171
1436586021988318515 2237269102841185898 3144151374034434409 1335210761264764034
1327472830428720893 3009841098125945723 2785677829740157673 170376446356986961
3739143076262196878 2585800637892901436 3389814398768730631 1911367460839575687
2426908139018979598 2646105599757315116 3648277903453157423 1333679333087382908
2007404808342481246 3854187589151201968 225868711618707491 98580976966661916
1558352708858810876 988025158007762691 3971369455047591481 3034993912616679434
3992177524795741216 3192089473617415799 1553803623208783883 930276292574071280
2522211776432799597 2905494154352461132 411558660249988547 313072509311091441
3077465104840498006 2700623635803325663 3102827069503960009 968614590121291884
3491879686715413469 2892822130727337548 660974448665517923 468481730723128449
448142394368793522 566205941403989059 2809589315949520729 199169178116010190
2180516395014948077 741271229022071061 2529426780824716889 1194827050265535574
1623315897908551848 2508257902504997218 3833254233596630231 2606362665837138560
3527520985594216686 186790375922732594 2616383394378932447 1989968885405068698
1776415624443783483 2345097649195004046 957846985312023349 835719004589240478
3627137450440462769 2136689172686558379 3879865023210711323 1933908447842465973
1892049351606623406 3979298865721576332 1063864853774176043 562680597359484103
3846916128543100449 2210119083439987095 2963246790717066013 888556525474935004
1995605646355080792 1169284324286512275 3685706255263298249 1138938961999403026
2285425808784808813 435689712685806081 3223835205982986391 668982875141021096
2863340264068146424 1817812237097629913 2861019247160399657 29584855000273773
1217099023909916707 271913813205444785 3370935161777607673 139859111532321611
482928753971457637 3635013453247144685 2607041027845178759 1322810963082277140
287891212881178079 3575191142291946829 1327821321778884019 322619684360367310
774749419842882620 2955151111538041308 2946362281548853549 2398520812171248595
2879328765220868866 3860547324643294949 2954242277055257561 95719724239879176
611367045828267084 1570530707721730572 717071352749993711 526552755797393966
44219489166798973 429614420944062194 2619056229091196177 2586364089329430496
1729248230477951642 3069281368028409209 1197992904604228127 611047894606831651
293597376915492603 922987134771161448 2914710572275916411 1156291100136468508
3016815949991065797 1048368487080942783 3890719397352976247 3848175206777249614
1107555291291523927 2680164657450335003 3064926683043133427 797809538560877318
939922083217861060 1824281004978497540 2398128652372518691 1251773818995844325
3166492948549854767 3658625927872437065 441833607230285437 221215561853929367
3989837439749277708 381431762154724769 3661861349367386533 2036574427859692048
2820259218027173497 3200890381699323882 3729829794561124603 578805650353785757
1147233280070352874 3689584373413456107 2667518906081160409 1477525594379309649
680116453463543766 2952409582941487028 3592306736498458889 3508621289822968234
3932997708405750893 1251127664640985487 2484093057562090109 1380816367517712489
2679375202399690365 902026272679107727 2219956267841664697 741937040227659592
573026198496464625 967370170366531452 3599644868487419701 3290783450160059304
2342436726881782013 684768372606699891 3448941174938897851 1689266229313578597
1171721075296972528 2254678545732573023 3830171920763845991 3797188385959314918
2636342346242957168 1650552041201157027 2347997151751231153 315212609235432177
739528946358653485 699084413877531827 910596453294300127 856997378145524665
1781019456066212233 3387813240283082366 1635219566184842971 1545353489987638247
3879200569363999371 916522841582500786 1871035368091466309 306943360592598000
1634153635714074201 1191249527464286907 2770405133346201101 1248013805224323559
3096336217045033171 2150484466119604126 3229129341402530977 1921215417761815729
1639476145323708530 1075410532759114409 3229112981588304073 1713385371623569367
394599392864702370 1204755198558536888 1994491862038019251 665104803785533918
3387236425651648031 3587722958932089350 3417302972708347721 513853079507256199
1579770217573917251 3608437292559256731 3825002856349452367 988978167749037273
1948827313675256465 2567013826010156950 3178605045022005229 1499478232658682873
2240741541899799258 2290675000603724207 3649332173720100727 1927602563043706066
3981860060863883888 974610525111723779 1836677111447694667 84550362577830596
1124652151073757518 2331898821705933884 2146424581816929581 1321660493484714290
1986432075112214139 2415513637023458396 1203288589745065729 1040720608763042172
1959044573009962068 3972731968135951001 2766988212048900713 397953689559922499
2839190615388426583 1216749808004934703 599361570642892181 403337462039760784
3155446045142955590 712218539806185339 2418301882297771373 944270615162718134
868165409016566751 1377002799513874980 2351712899849691857 155783538889635331
2747103483479512807 405739836893338332 1814010092962019269 40092122337244134
251086627522006466 572541040305515694 1748619408660537013 545850666384518530
1558668852523821959 1745115381843051163 3416919879841858891 1012478590594245071
947210453801157991 3233830963362053461 2767075156858911259 1834478621841217855
3566142805015723963 1424758967842370171 1653824632894632059 689106759352273159
1879054365367052898 2800681564498483068 619020207099965543 136464971045113862
2839559984629955598 1046832171346459693 1195963730450676203 838683155834054805
174526502137575904 905507422789534094 3111649035392060861 488040039757804932
1460849551013280679 617476025649969731 3762637550040999353 2638960838048870428
2378569863159775274 1392372430307164886 1656834187064078849 332741420230021789
2045694258590255937 1986009648201390164 1776768617122222127 1524179997622792829
466845905698892177 2634389093656518396 3060035291818028179 570727224084753699
967232406301388666 364964592671977476 530202769512251263 465979262558740734
3116153911354437501 1523618310999002243 2423470054880387519 1810045993529394215
1928250100048278860 3850660828501062692 1293928002559558519 711001713773908828
413854681461997334 3890490745152260284 1874529796628751737 267238487974573481
2586022547629395330 3765645227916442720 2065375821758857577 1049116857714715232
1238243549848397096 1825798010858654299 2634948621905637539 2022191547324251018
932213809545715917 2960755638724729441 330127994519311349 281868328757077493
722686766635290248 1385172961292592831 2113027932800164577 1600876470595048549
126256414842171568 3327426303360783236 481375181043302957 1680416399926902
3982211369139862813 1297824285191617539 1956093906320151449 1614746809134964741
3902830745919969225 2332846300992200555 1263055874998173577 881765643669596346
3494885930886025838 2938817777501782087 1170606200090529583 820234438943928007
2440398890173136770 2415809488178086296 3068212277360466121 2143018142981465179
1611928860628514124 3517063189996273171 2694328893239257361 1218145629739302437
3120973843767517467 173071762516802206 661882867768687199 407967992492198758
1319416835892306013 3951568799604931756 3838667386716763529 1524922195465791969
2255564621898840303 611604840620096427 732469453397568473 38223865957174402
1473937955270310400 3309963879792331498 227361846144036743 118912400909381997
3123263936996952369 482463142249706971 3190915862583384311 2648255353981622495
1887266226042592132 959406915369978486 2808815918260205353 573344036169242927
2735659711123283197 2719952221217147414 797942909757319103 230145408428791257
1494770431595892754 3971311304522502148 3933559006031659273 848661659561224281
2447516305141262273 697853097406727138 977958477736804901 441007344161098312
3873232771298578012 1573191061197788777 2862362326991594459 2755502411811367635
630333384542575776 1227355844276511147 1459936868239040381 49117480928474446
1117656901011821742 1492598092304910964 1302161672608706179 985189321771079897
2044023593889333695 411310114633904647 1256828390094478931 949430219109252006
2304122246140224030 1002981250381662739 905731475394568049 482923130342305388
2875176680120975123 360619628981953631 2386729314787926193 1882456576707567145
153453243262315265 2288096297166232667 3667035968928618721 2898738144245800591
2342130702429481708 296690261269336628 2742458108710139077 2103013271730345312
2484718308187273423 37042091724403248 1351677564566037287 1266532636883039134
3446084306681276867 3186189116169702782 3412116654378451193 1244589127189502939
1435527075233624541 2217444840190210279 3219542188864654363 2445360240222375869
3737595899110625562 2346528998266796398 268769024293245407 84455451224319290
1161934780506429746 3939164855167654988 3864465207273081707 3586441097310784916
503447207930378350 209465928424476416 257694055714452757 40650803198301398
2838125248000371145 2602218031389688523 2217733799837195291 1622362779776074069
3582775424960304349 2798589837946686982 3607185632665292809 3579453853630644073
2638056819535943965 180046316483135887 504404612101607263 254015931264782098
3813217500840646785 3000511079385483722 682384793003076829 401556219221333588
1250668623185365802 1320803317807284184 2125224995932847737 1086372452437287289
1632693212821147746 3418925333982176665 904709367315426577 680168450748243951
775996939104426797 2556733442091579938 3873274694169059243 1668005163134581526
1797021034166047525 3941884222774486260 2096737393195015573 1744965962243178544
961372948558927988 2253808812504537972 3950245396912174807 1537319590565527993
223619249668037961 420658114982516273 727007964612539917 232042091393488384
2520467380983079721 1252515531006442141 3901153194626654053 1245048701171697675
1550686998496753146 1416918800783543676 2225237419113986401 768352692059837893
1553912289923703879 1042394021294269805 3504217634136213187 1891231720414355865
1117559349166624518 3822144760955004337 1331045942544638401 1011046748536312041
2670425083258176023 3980602242420874516 1630674568660606213 1010809801280759434
3634292702877961085 1893380131071291554 1718425395007535429 1061186699365547953
2601422988528534383 2541490578412489449 729090042669670249 216792611589611225
3615017250232948324 3648065885619402280 373271359605737969 47233677646929125
3761919032113000090 121290572171009650 2620777555407165109 59778228256783309
683364506925160866 3319225859498075408 1918019310090946211 111841757606495056
1076368754286885424 3237549774234159242 795029487053547047 498921835882344492
302404263937886013 621782534027211868 2168914056214797721 442574028553596116
610181381188781926 1750918390399822406 495363627851951099 480006198811194879
793885952873990509 1878938154238752072 3047996613744151217 1175053348173439422
2107782922643247266 3508407146992283602 763286701058894099 4315339635120610
3505082779036451385 948033673262221640 3679719098812307209 2285154837363477977
2197466759400254642 1768638749350752802 3786689624131288001 2037670265290857538
3013572361165831215 2358853884839234411 1555866992282692381 1052312499477308702
3229886252084051432 2608213977381989808 3679395086015084419 357115227900347413
3545268112676755543 2100105426252845507 979285659998218037 470473302708787508
1174627337286717080 2180848622125927805 3951139395918789071 538722793513019320
2352365725998133438 2673353502504546731 3698324125062474419 1565440519321121799
638160830422869862 202537608347300052 334884354799583137 286408652399977784
2171064957566749759 2633415678621869438 3679355177404493207 232956464047666743
145392462324321452 822401339243117969 2642125940923723301 543622512441644508
870700678735194821 756372907336930909 3469586760999773633 2580688812202405050
381759047634197523 3198143866971632618 2275975003122443671 75228875277635629
3127287838490679150 3677850277888188288 2717005093312202317 912117193049347404
2842681742095589493 1594018030341272683 1008844833304086167 637017016923761471
3551367452168829693 320201835132057574 3840236179188618343 585477061956177370
1589446835152499809 2869987148504543484 3587064442150109743 3373462999107825734
292130429398733863 1859468251778594894 1124039317535945453 624118930565794439
1458443980233377187 2454266770137042062 3089462121211415869 2772858739277764667
2499750663860044836 3571457485444807295 2672964719947638223 1823509316158694064
152183714294916422 1276402899315924349 924625523436857677 599431397010474870
1241467457224548448 1747099210294131096 757452211535175227 527855940952040029
3641414229039473871 1643769460832114766 871696570173135209 483288475150049602
2030976693960662414 416757537302949133 3789188932383786137 2786179854970445210
2862101920945721881 632279078438072917 1897925642055464053 1508878181647285501
2829866093330885079 3982045683969390634 2407507904737700251 760668933576299223
1956909224194406674 2092039645462277083 2586441397006951849 2027648714547052186
398671160743395699 3809605387802142979 172609012732649341 156263171837357
3920425761051430084 2897337193670332206 3776239570398577241 3081389106885239689
2499689772228434021 1998685821610950906 2241328409924765333 145366938015300633
2006420152975081019 40257143076917579 1312541502979867637 163387514431121798
3290900491611139339 142144390842544522 3835647825074910343 2025567810388073389
1648727067333586197 757306940746447188 3127497466185500911 2803192492478853718
3840269150672715067 3234358861648197513 2393921728277147923 1496003682849443783
55860591617510274 2083901204329774081 3354964014770814001 2994558417170332306
2817359397964849494 1141389260903013772 1575390305987997377 1401189076561232949
